place(-11.076, 1.000, -9.065, "Militant", 600)
upgrade(-11.076, 2.350, -9.065, 300)
upgrade(-11.076, 2.350, -9.065, 850)
place(-14.357, 1.000, -9.241, "Militant", 600)
upgrade(-14.357, 2.350, -9.241, 300)
upgrade(-14.357, 2.350, -9.241, 850)
place(-17.473, 1.000, -9.183, "Pyromancer", 900)
upgrade(-17.473, 2.350, -9.183, 325)
upgrade(-17.473, 2.350, -9.183, 1000)
place(-20.156, 1.000, -12.342, "Shotgunner", 1225)
upgrade(-20.156, 2.350, -12.342, 640)
upgrade(-20.156, 2.350, -12.342, 1550)
place(-23.904, 1.000, -6.210, "Pyromancer", 900)
sell(-23.904, 2.350, -6.210)
place(-23.761, 1.000, -6.247, "Shotgunner", 1225)
place(-23.763, 1.000, -6.439, "Shotgunner", 1225)
upgrade(-23.763, 2.350, -6.439, 640)
upgrade(-23.763, 2.350, -6.439, 1550)
place(-17.931, 1.000, -6.654, "Shotgunner", 1225)
upgrade(-17.931, 2.350, -6.654, 640)
upgrade(-17.931, 2.350, -6.654, 1550)
place(-18.543, 1.000, -4.110, "Commander", 650)
upgrade(-18.543, 2.368, -4.110, 400)
upgrade(-18.543, 2.368, -4.110, 2450)
CommanderAbility(-18.543, 2.368, -4.110, 1506)
place(-12.198, 1.000, -3.212, "Militant", 600)
upgrade(-12.198, 2.350, -3.212, 300)
upgrade(-12.198, 2.350, -3.212, 850)
place(-9.053, 1.000, -3.090, "Militant", 600)
place(-9.179, 1.000, -3.476, "Militant", 600)
upgrade(-9.179, 2.350, -3.476, 300)
upgrade(-9.179, 2.350, -3.476, 850)
place(-11.890, 1.000, -0.133, "Militant", 600)
upgrade(-11.890, 2.350, -0.133, 300)
upgrade(-11.890, 2.350, -0.133, 850)
place(-8.892, 1.000, -0.327, "Militant", 600)
upgrade(-8.892, 2.350, -0.327, 300)
upgrade(-8.892, 2.350, -0.327, 850)
place(-12.007, 1.000, 2.972, "Militant", 600)
upgrade(-12.007, 2.350, 2.972, 300)
upgrade(-12.007, 2.350, 2.972, 850)
place(-8.887, 1.000, 2.860, "Militant", 600)
upgrade(-8.887, 2.350, 2.860, 300)
upgrade(-8.887, 2.350, 2.860, 850)
CommanderAbility(-18.543, 2.368, -4.110, 95)
place(-12.553, 1.000, -11.748, "Militant", 600)
upgrade(-12.553, 2.350, -11.748, 300)
upgrade(-12.553, 2.350, -11.748, 850)
place(-15.589, 1.000, -12.109, "Militant", 600)
upgrade(-15.589, 2.350, -12.109, 300)
upgrade(-15.589, 2.350, -12.109, 850)
place(-5.966, 1.000, -3.132, "Commander", 650)
upgrade(-5.966, 2.368, -3.132, 400)
upgrade(-5.966, 2.368, -3.132, 2450)
CommanderAbility(-5.966, 2.368, -3.132, 1364)
upgrade(-12.007, 2.350, 2.972, 2750)
upgrade(-8.887, 2.350, 2.860, 2750)
CommanderAbility(-18.543, 2.368, -4.110, 2105)
upgrade(-8.892, 2.350, -0.327, 2750)
upgrade(-11.890, 2.350, -0.133, 2750)
upgrade(-9.179, 2.350, -3.476, 2750)
CommanderAbility(-5.966, 2.368, -3.132, 2290)
upgrade(-12.198, 2.350, -3.212, 2750)
upgrade(-11.076, 2.350, -9.065, 2750)
upgrade(-14.357, 2.350, -9.241, 2750)
CommanderAbility(-18.543, 2.368, -4.110, 2390)
upgrade(-12.553, 2.350, -11.748, 2750)
upgrade(-15.589, 2.350, -12.109, 2750)
CommanderAbility(-5.966, 2.368, -3.132, 7962)
upgrade(-12.198, 2.350, -3.212, 8000)
CommanderAbility(-18.543, 2.368, -4.110, 6554)
upgrade(-11.890, 2.350, -0.133, 8000)
CommanderAbility(-5.966, 2.368, -3.132, 5283)
upgrade(-9.179, 2.350, -3.476, 8000)
CommanderAbility(-18.543, 2.368, -4.110, 7994)
upgrade(-11.076, 2.350, -9.065, 8000)
upgrade(-14.357, 2.350, -9.241, 8000)
CommanderAbility(-5.966, 2.368, -3.132, 1734)
upgrade(-8.892, 2.350, -0.327, 8000)
CommanderAbility(-18.543, 2.368, -4.110, 5674)
upgrade(-12.007, 2.350, 2.972, 8000)
CommanderAbility(-5.966, 2.368, -3.132, 11075)
upgrade(-8.887, 2.350, 2.860, 8000)
upgrade(-15.589, 2.350, -12.109, 8000)
CommanderAbility(-18.543, 2.368, -4.110, 4563)
upgrade(-12.553, 2.350, -11.748, 8000)
upgrade(-17.473, 2.350, -9.183, 1750)
CommanderAbility(-5.966, 2.368, -3.132, 5463)
upgrade(-23.763, 2.350, -6.439, 6000)
CommanderAbility(-18.543, 2.368, -4.110, 3663)
upgrade(-18.543, 2.368, -4.110, 4500)
upgrade(-17.931, 2.350, -6.654, 6000)
CommanderAbility(-5.966, 2.368, -3.132, 3823)
upgrade(-20.156, 2.350, -12.342, 6000)
upgrade(-17.473, 2.350, -9.183, 3750)
CommanderAbility(-18.543, 2.368, -4.110, 6130)
upgrade(-5.966, 2.368, -3.132, 4500)
CommanderAbility(-5.966, 2.368, -3.132, 16721)
