place(-6.638, 0.959, -31.875, "Pyromancer", 900)
upgrade(-6.638, 2.309, -31.875, 325)
upgrade(-6.638, 2.309, -31.875, 1000)
upgrade(-6.638, 2.309, -31.875, 1750)
upgrade(-6.638, 2.309, -31.875, 3750)
place(-2.213, 1.420, 22.653, "Hunter", 1625)
place(1.001, 1.391, 22.506, "Hunter", 1625)
place(-1.964, 1.476, 19.600, "Hunter", 1625)
place(1.218, 1.341, 19.382, "Hunter", 1625)
place(-1.940, 0.267, -15.892, "Minigunner", 1850)
upgrade(-1.940, 1.617, -15.892, 400)
upgrade(-1.940, 1.617, -15.892, 1500)
upgrade(1.218, 2.691, 19.382, 725)
upgrade(-1.964, 2.826, 19.600, 725)
upgrade(-2.213, 2.770, 22.653, 725)
upgrade(1.001, 2.741, 22.506, 725)
place(1.013, 1.448, 30.966, "Pyromancer", 900)
upgrade(1.013, 2.798, 30.966, 325)
upgrade(1.013, 2.798, 30.966, 1000)
